  0
SECTION
  2
HEADER
  9
$ACADVER
  1
AC1009
  9
$FILLMODE
 70
 0
  9
$SPLFRAME
 70
 1
  9
$EXTMIN
 10
0
 20
0
 30
0.0
  9
$EXTMAX
 10
41.6667
 20
41.6667
 30
0.0
  0
ENDSEC
  0
SECTION
  2
TABLES
  0
TABLE
  2
LAYER
 70
1
  0
LAYER
  2
0
 70
     0
 62
     7
  6
CONTINUOUS
  0
ENDTAB
  0
ENDSEC
  0
SECTION
  2
ENTITIES
  0
POLYLINE
  8
0
 62
     0
 66
     1
 10
0
 20
0
 30
0.0
 70
     1
 40
0
 41
0
  0
VERTEX
  8
0
 10
9.42079
 20
9.97504
 30
0.0
 40
0
 41
0
  0
VERTEX
  8
0
 10
9.48856
 20
9.94553
 30
0.0
 40
0
 41
0
  0
VERTEX
  8
0
 10
9.68533
 20
9.84153
 30
0.0
 40
0
 41
0
  0
VERTEX
  8
0
 10
9.9279
 20
9.68072
 30
0.0
 40
0
 41
0
  0
VERTEX
  8
0
 10
10.1484
 20
9.49274
 30
0.0
 40
0
 41
0
  0
VERTEX
  8
0
 10
10.3007
 20
9.3341
 30
0.0
 40
0
 41
0
  0
VERTEX
  8
0
 10
10.3471
 20
9.27756
 30
0.0
 40
0
 41
0
  0
VERTEX
  8
0
 10
9.567
 20
8.55751
 30
0.0
 40
0
 41
0
  0
VERTEX
  8
0
 10
9.52197
 20
8.61003
 30
0.0
 40
0
 41
0
  0
VERTEX
  8
0
 10
9.28196
 20
8.83231
 30
0.0
 40
0
 41
0
  0
VERTEX
  8
0
 10
9.02197
 20
9.00071
 30
0.0
 40
0
 41
0
  0
VERTEX
  8
0
 10
8.96701
 20
9.02632
 30
0.0
 40
0
 41
0
  0
VERTEX
  8
0
 10
8.91194
 20
9.05197
 30
0.0
 40
0
 41
0
  0
VERTEX
  8
0
 10
8.6219
 20
9.14165
 30
0.0
 40
0
 41
0
  0
VERTEX
  8
0
 10
8.34065
 20
9.18001
 30
0.0
 40
0
 41
0
  0
VERTEX
  8
0
 10
8.24696
 20
9.18001
 30
0.0
 40
0
 41
0
  0
VERTEX
  8
0
 10
8.15881
 20
9.18001
 30
0.0
 40
0
 41
0
  0
VERTEX
  8
0
 10
7.89442
 20
9.15007
 30
0.0
 40
0
 41
0
  0
VERTEX
  8
0
 10
7.62315
 20
9.08008
 30
0.0
 40
0
 41
0
  0
VERTEX
  8
0
 10
7.57194
 20
9.06006
 30
0.0
 40
0
 41
0
  0
VERTEX
  8
0
 10
7.52067
 20
9.0401
 30
0.0
 40
0
 41
0
  0
VERTEX
  8
0
 10
7.285
 20
8.91385
 30
0.0
 40
0
 41
0
  0
VERTEX
  8
0
 10
7.07693
 20
8.75256
 30
0.0
 40
0
 41
0
  0
VERTEX
  8
0
 10
7.03944
 20
8.71506
 30
0.0
 40
0
 41
0
  0
VERTEX
  8
0
 10
7.0019
 20
8.67757
 30
0.0
 40
0
 41
0
  0
VERTEX
  8
0
 10
6.83974
 20
8.46946
 30
0.0
 40
0
 41
0
  0
VERTEX
  8
0
 10
6.71132
 20
8.23378
 30
0.0
 40
0
 41
0
  0
VERTEX
  8
0
 10
6.69069
 20
8.18251
 30
0.0
 40
0
 41
0
  0
VERTEX
  8
0
 10
6.67003
 20
8.13129
 30
0.0
 40
0
 41
0
  0
VERTEX
  8
0
 10
6.59788
 20
7.85818
 30
0.0
 40
0
 41
0
  0
VERTEX
  8
0
 10
6.56694
 20
7.58957
 30
0.0
 40
0
 41
0
  0
VERTEX
  8
0
 10
6.56694
 20
7.5
 30
0.0
 40
0
 41
0
  0
VERTEX
  8
0
 10
6.56694
 20
7.41049
 30
0.0
 40
0
 41
0
  0
VERTEX
  8
0
 10
6.59788
 20
7.14193
 30
0.0
 40
0
 41
0
  0
VERTEX
  8
0
 10
6.67003
 20
6.86876
 30
0.0
 40
0
 41
0
  0
VERTEX
  8
0
 10
6.69069
 20
6.81749
 30
0.0
 40
0
 41
0
  0
VERTEX
  8
0
 10
6.71132
 20
6.76628
 30
0.0
 40
0
 41
0
  0
VERTEX
  8
0
 10
6.83974
 20
6.53065
 30
0.0
 40
0
 41
0
  0
VERTEX
  8
0
 10
7.0019
 20
6.32249
 30
0.0
 40
0
 41
0
  0
VERTEX
  8
0
 10
7.03944
 20
6.285
 30
0.0
 40
0
 41
0
  0
VERTEX
  8
0
 10
7.07693
 20
6.2475
 30
0.0
 40
0
 41
0
  0
VERTEX
  8
0
 10
7.285
 20
6.08626
 30
0.0
 40
0
 41
0
  0
VERTEX
  8
0
 10
7.52067
 20
5.95996
 30
0.0
 40
0
 41
0
  0
VERTEX
  8
0
 10
7.57194
 20
5.93994
 30
0.0
 40
0
 41
0
  0
VERTEX
  8
0
 10
7.62315
 20
5.91997
 30
0.0
 40
0
 41
0
  0
VERTEX
  8
0
 10
7.89442
 20
5.84999
 30
0.0
 40
0
 41
0
  0
VERTEX
  8
0
 10
8.15881
 20
5.81993
 30
0.0
 40
0
 41
0
  0
VERTEX
  8
0
 10
8.24696
 20
5.81993
 30
0.0
 40
0
 41
0
  0
VERTEX
  8
0
 10
8.34065
 20
5.81993
 30
0.0
 40
0
 41
0
  0
VERTEX
  8
0
 10
8.6219
 20
5.85846
 30
0.0
 40
0
 41
0
  0
VERTEX
  8
0
 10
8.91194
 20
5.94814
 30
0.0
 40
0
 41
0
  0
VERTEX
  8
0
 10
8.96701
 20
5.97374
 30
0.0
 40
0
 41
0
  0
VERTEX
  8
0
 10
9.02197
 20
5.9994
 30
0.0
 40
0
 41
0
  0
VERTEX
  8
0
 10
9.28196
 20
6.16596
 30
0.0
 40
0
 41
0
  0
VERTEX
  8
0
 10
9.52197
 20
6.38374
 30
0.0
 40
0
 41
0
  0
VERTEX
  8
0
 10
9.567
 20
6.43494
 30
0.0
 40
0
 41
0
  0
VERTEX
  8
0
 10
10.3471
 20
5.71496
 30
0.0
 40
0
 41
0
  0
VERTEX
  8
0
 10
10.3007
 20
5.65853
 30
0.0
 40
0
 41
0
  0
VERTEX
  8
0
 10
10.1484
 20
5.50011
 30
0.0
 40
0
 41
0
  0
VERTEX
  8
0
 10
9.9279
 20
5.31282
 30
0.0
 40
0
 41
0
  0
VERTEX
  8
0
 10
9.68533
 20
5.15321
 30
0.0
 40
0
 41
0
  0
VERTEX
  8
0
 10
9.48861
 20
5.05029
 30
0.0
 40
0
 41
0
  0
VERTEX
  8
0
 10
9.42079
 20
5.02121
 30
0.0
 40
0
 41
0
  0
VERTEX
  8
0
 10
9.35146
 20
4.99154
 30
0.0
 40
0
 41
0
  0
VERTEX
  8
0
 10
9.13693
 20
4.91786
 30
0.0
 40
0
 41
0
  0
VERTEX
  8
0
 10
8.83664
 20
4.84403
 30
0.0
 40
0
 41
0
  0
VERTEX
  8
0
 10
8.51997
 20
4.79975
 30
0.0
 40
0
 41
0
  0
VERTEX
  8
0
 10
8.27018
 20
4.78494
 30
0.0
 40
0
 41
0
  0
VERTEX
  8
0
 10
8.18696
 20
4.78494
 30
0.0
 40
0
 41
0
  0
VERTEX
  8
0
 10
8.1116
 20
4.78494
 30
0.0
 40
0
 41
0
  0
VERTEX
  8
0
 10
7.88553
 20
4.79742
 30
0.0
 40
0
 41
0
  0
VERTEX
  8
0
 10
7.59631
 20
4.83469
 30
0.0
 40
0
 41
0
  0
VERTEX
  8
0
 10
7.31928
 20
4.89681
 30
0.0
 40
0
 41
0
  0
VERTEX
  8
0
 10
7.11942
 20
4.95876
 30
0.0
 40
0
 41
0
  0
VERTEX
  8
0
 10
7.05447
 20
4.98367
 30
0.0
 40
0
 41
0
  0
VERTEX
  8
0
 10
6.99067
 20
5.00819
 30
0.0
 40
0
 41
0
  0
VERTEX
  8
0
 10
6.80388
 20
5.09364
 30
0.0
 40
0
 41
0
  0
VERTEX
  8
0
 10
6.56972
 20
5.22467
 30
0.0
 40
0
 41
0
  0
VERTEX
  8
0
 10
6.35194
 20
5.37679
 30
0.0
 40
0
 41
0
  0
VERTEX
  8
0
 10
6.19868
 20
5.50429
 30
0.0
 40
0
 41
0
  0
VERTEX
  8
0
 10
6.15067
 20
5.54997
 30
0.0
 40
0
 41
0
  0
VERTEX
  8
0
 10
6.10275
 20
5.59554
 30
0.0
 40
0
 41
0
  0
VERTEX
  8
0
 10
5.96826
 20
5.74169
 30
0.0
 40
0
 41
0
  0
VERTEX
  8
0
 10
5.80746
 20
5.94938
 30
0.0
 40
0
 41
0
  0
VERTEX
  8
0
 10
5.66829
 20
6.17296
 30
0.0
 40
0
 41
0
  0
VERTEX
  8
0
 10
5.57704
 20
6.35135
 30
0.0
 40
0
 41
0
  0
VERTEX
  8
0
 10
5.55067
 20
6.41249
 30
0.0
 40
0
 41
0
  0
VERTEX
  8
0
 10
5.52393
 20
6.47444
 30
0.0
 40
0
 41
0
  0
VERTEX
  8
0
 10
5.45714
 20
6.66613
 30
0.0
 40
0
 41
0
  0
VERTEX
  8
0
 10
5.39031
 20
6.93192
 30
0.0
 40
0
 41
0
  0
VERTEX
  8
0
 10
5.35026
 20
7.2099
 30
0.0
 40
0
 41
0
  0
VERTEX
  8
0
 10
5.33692
 20
7.42751
 30
0.0
 40
0
 41
0
  0
VERTEX
  8
0
 10
5.33692
 20
7.5
 30
0.0
 40
0
 41
0
  0
VERTEX
  8
0
 10
5.33692
 20
7.5726
 30
0.0
 40
0
 41
0
  0
VERTEX
  8
0
 10
5.35026
 20
7.79021
 30
0.0
 40
0
 41
0
  0
VERTEX
  8
0
 10
5.39031
 20
8.06819
 30
0.0
 40
0
 41
0
  0
VERTEX
  8
0
 10
5.45714
 20
8.33399
 30
0.0
 40
0
 41
0
  0
VERTEX
  8
0
 10
5.52393
 20
8.52561
 30
0.0
 40
0
 41
0
  0
VERTEX
  8
0
 10
5.55067
 20
8.58751
 30
0.0
 40
0
 41
0
  0
VERTEX
  8
0
 10
5.57704
 20
8.64871
 30
0.0
 40
0
 41
0
  0
VERTEX
  8
0
 10
5.66808
 20
8.8271
 30
0.0
 40
0
 41
0
  0
VERTEX
  8
0
 10
5.80658
 20
9.05072
 30
0.0
 40
0
 41
0
  0
VERTEX
  8
0
 10
5.96619
 20
9.2584
 30
0.0
 40
0
 41
0
  0
VERTEX
  8
0
 10
6.09944
 20
9.40451
 30
0.0
 40
0
 41
0
  0
VERTEX
  8
0
 10
6.14692
 20
9.45003
 30
0.0
 40
0
 41
0
  0
VERTEX
  8
0
 10
6.1945
 20
9.49582
 30
0.0
 40
0
 41
0
  0
VERTEX
  8
0
 10
6.34679
 20
9.62332
 30
0.0
 40
0
 41
0
  0
VERTEX
  8
0
 10
6.56407
 20
9.77544
 30
0.0
 40
0
 41
0
  0
VERTEX
  8
0
 10
6.79867
 20
9.90647
 30
0.0
 40
0
 41
0
  0
VERTEX
  8
0
 10
6.98649
 20
9.99192
 30
0.0
 40
0
 41
0
  0
VERTEX
  8
0
 10
7.05067
 20
10.0163
 30
0.0
 40
0
 41
0
  0
VERTEX
  8
0
 10
7.11594
 20
10.0412
 30
0.0
 40
0
 41
0
  0
VERTEX
  8
0
 10
7.31668
 20
10.1033
 30
0.0
 40
0
 41
0
  0
VERTEX
  8
0
 10
7.59347
 20
10.1654
 30
0.0
 40
0
 41
0
  0
VERTEX
  8
0
 10
7.88108
 20
10.2026
 30
0.0
 40
0
 41
0
  0
VERTEX
  8
0
 10
8.10488
 20
10.2151
 30
0.0
 40
0
 41
0
  0
VERTEX
  8
0
 10
8.17947
 20
10.2151
 30
0.0
 40
0
 41
0
  0
VERTEX
  8
0
 10
8.26351
 20
10.2151
 30
0.0
 40
0
 41
0
  0
VERTEX
  8
0
 10
8.51579
 20
10.2001
 30
0.0
 40
0
 41
0
  0
VERTEX
  8
0
 10
8.83479
 20
10.1551
 30
0.0
 40
0
 41
0
  0
VERTEX
  8
0
 10
9.13644
 20
10.0801
 30
0.0
 40
0
 41
0
  0
VERTEX
  8
0
 10
9.3514
 20
10.0053
 30
0.0
 40
0
 41
0
  0
VERTEX
  8
0
 10
9.42079
 20
9.97504
 30
0.0
 40
0
 41
0
  0
SEQEND
 8
0
  0
POLYLINE
  8
0
 62
     190
 66
     1
 10
0
 20
0
 30
0.0
 70
     1
 40
0
 41
0
  0
VERTEX
  8
0
 10
7.38292
 20
7.45383
 30
0.0
 40
0
 41
0
  0
VERTEX
  8
0
 10
7.38292
 20
7.49794
 30
0.0
 40
0
 41
0
  0
VERTEX
  8
0
 10
7.40067
 20
7.63021
 30
0.0
 40
0
 41
0
  0
VERTEX
  8
0
 10
7.45167
 20
7.79443
 30
0.0
 40
0
 41
0
  0
VERTEX
  8
0
 10
7.53233
 20
7.94303
 30
0.0
 40
0
 41
0
  0
VERTEX
  8
0
 10
7.63917
 20
8.07254
 30
0.0
 40
0
 41
0
  0
VERTEX
  8
0
 10
7.76867
 20
8.17936
 30
0.0
 40
0
 41
0
  0
VERTEX
  8
0
 10
7.91726
 20
8.26004
 30
0.0
 40
0
 41
0
  0
VERTEX
  8
0
 10
8.08149
 20
8.31104
 30
0.0
 40
0
 41
0
  0
VERTEX
  8
0
 10
8.21376
 20
8.32878
 30
0.0
 40
0
 41
0
  0
VERTEX
  8
0
 10
8.25786
 20
8.32878
 30
0.0
 40
0
 41
0
  0
VERTEX
  8
0
 10
8.30192
 20
8.32878
 30
0.0
 40
0
 41
0
  0
VERTEX
  8
0
 10
8.43419
 20
8.31104
 30
0.0
 40
0
 41
0
  0
VERTEX
  8
0
 10
8.59842
 20
8.26004
 30
0.0
 40
0
 41
0
  0
VERTEX
  8
0
 10
8.74701
 20
8.17936
 30
0.0
 40
0
 41
0
  0
VERTEX
  8
0
 10
8.87651
 20
8.07254
 30
0.0
 40
0
 41
0
  0
VERTEX
  8
0
 10
8.98335
 20
7.94303
 30
0.0
 40
0
 41
0
  0
VERTEX
  8
0
 10
9.06401
 20
7.79443
 30
0.0
 40
0
 41
0
  0
VERTEX
  8
0
 10
9.11501
 20
7.63021
 30
0.0
 40
0
 41
0
  0
VERTEX
  8
0
 10
9.13282
 20
7.49794
 30
0.0
 40
0
 41
0
  0
VERTEX
  8
0
 10
9.13282
 20
7.45383
 30
0.0
 40
0
 41
0
  0
VERTEX
  8
0
 10
9.13282
 20
7.40978
 30
0.0
 40
0
 41
0
  0
VERTEX
  8
0
 10
9.11501
 20
7.2775
 30
0.0
 40
0
 41
0
  0
VERTEX
  8
0
 10
9.06401
 20
7.11328
 30
0.0
 40
0
 41
0
  0
VERTEX
  8
0
 10
8.98335
 20
6.96463
 30
0.0
 40
0
 41
0
  0
VERTEX
  8
0
 10
8.87651
 20
6.83513
 30
0.0
 40
0
 41
0
  0
VERTEX
  8
0
 10
8.74701
 20
6.72831
 30
0.0
 40
0
 41
0
  0
VERTEX
  8
0
 10
8.59842
 20
6.64763
 30
0.0
 40
0
 41
0
  0
VERTEX
  8
0
 10
8.43419
 20
6.59663
 30
0.0
 40
0
 41
0
  0
VERTEX
  8
0
 10
8.30192
 20
6.57883
 30
0.0
 40
0
 41
0
  0
VERTEX
  8
0
 10
8.25786
 20
6.57883
 30
0.0
 40
0
 41
0
  0
VERTEX
  8
0
 10
8.21376
 20
6.57883
 30
0.0
 40
0
 41
0
  0
VERTEX
  8
0
 10
8.08149
 20
6.59663
 30
0.0
 40
0
 41
0
  0
VERTEX
  8
0
 10
7.91726
 20
6.64763
 30
0.0
 40
0
 41
0
  0
VERTEX
  8
0
 10
7.76867
 20
6.72831
 30
0.0
 40
0
 41
0
  0
VERTEX
  8
0
 10
7.63917
 20
6.83513
 30
0.0
 40
0
 41
0
  0
VERTEX
  8
0
 10
7.53233
 20
6.96463
 30
0.0
 40
0
 41
0
  0
VERTEX
  8
0
 10
7.45167
 20
7.11328
 30
0.0
 40
0
 41
0
  0
VERTEX
  8
0
 10
7.40067
 20
7.2775
 30
0.0
 40
0
 41
0
  0
VERTEX
  8
0
 10
7.38292
 20
7.40978
 30
0.0
 40
0
 41
0
  0
VERTEX
  8
0
 10
7.38292
 20
7.45383
 30
0.0
 40
0
 41
0
  0
SEQEND
 8
0
  0
POLYLINE
  8
0
 62
     0
 66
     1
 10
0
 20
0
 30
0.0
 70
     1
 40
0
 41
0
  0
VERTEX
  8
0
 10
20.1394
 20
10.2151
 30
0.0
 40
0
 41
0
  0
VERTEX
  8
0
 10
20.2139
 20
10.2151
 30
0.0
 40
0
 41
0
  0
VERTEX
  8
0
 10
20.4378
 20
10.2026
 30
0.0
 40
0
 41
0
  0
VERTEX
  8
0
 10
20.7253
 20
10.1654
 30
0.0
 40
0
 41
0
  0
VERTEX
  8
0
 10
21.0021
 20
10.1033
 30
0.0
 40
0
 41
0
  0
VERTEX
  8
0
 10
21.2028
 20
10.0412
 30
0.0
 40
0
 41
0
  0
VERTEX
  8
0
 10
21.2681
 20
10.0163
 30
0.0
 40
0
 41
0
  0
VERTEX
  8
0
 10
21.3322
 20
9.99192
 30
0.0
 40
0
 41
0
  0
VERTEX
  8
0
 10
21.5201
 20
9.90647
 30
0.0
 40
0
 41
0
  0
VERTEX
  8
0
 10
21.7547
 20
9.77544
 30
0.0
 40
0
 41
0
  0
VERTEX
  8
0
 10
21.9719
 20
9.62332
 30
0.0
 40
0
 41
0
  0
VERTEX
  8
0
 10
22.1243
 20
9.49582
 30
0.0
 40
0
 41
0
  0
VERTEX
  8
0
 10
22.1719
 20
9.45003
 30
0.0
 40
0
 41
0
  0
VERTEX
  8
0
 10
22.2193
 20
9.40451
 30
0.0
 40
0
 41
0
  0
VERTEX
  8
0
 10
22.3526
 20
9.2584
 30
0.0
 40
0
 41
0
  0
VERTEX
  8
0
 10
22.5122
 20
9.05072
 30
0.0
 40
0
 41
0
  0
VERTEX
  8
0
 10
22.6507
 20
8.8271
 30
0.0
 40
0
 41
0
  0
VERTEX
  8
0
 10
22.7418
 20
8.64871
 30
0.0
 40
0
 41
0
  0
VERTEX
  8
0
 10
22.7682
 20
8.58751
 30
0.0
 40
0
 41
0
  0
VERTEX
  8
0
 10
22.7949
 20
8.52561
 30
0.0
 40
0
 41
0
  0
VERTEX
  8
0
 10
22.8617
 20
8.33399
 30
0.0
 40
0
 41
0
  0
VERTEX
  8
0
 10
22.9285
 20
8.06819
 30
0.0
 40
0
 41
0
  0
VERTEX
  8
0
 10
22.9685
 20
7.79021
 30
0.0
 40
0
 41
0
  0
VERTEX
  8
0
 10
22.9819
 20
7.5726
 30
0.0
 40
0
 41
0
  0
VERTEX
  8
0
 10
22.9819
 20
7.5
 30
0.0
 40
0
 41
0
  0
VERTEX
  8
0
 10
22.9819
 20
7.42751
 30
0.0
 40
0
 41
0
  0
VERTEX
  8
0
 10
22.9685
 20
7.2099
 30
0.0
 40
0
 41
0
  0
VERTEX
  8
0
 10
22.9285
 20
6.93192
 30
0.0
 40
0
 41
0
  0
VERTEX
  8
0
 10
22.8617
 20
6.66613
 30
0.0
 40
0
 41
0
  0
VERTEX
  8
0
 10
22.7949
 20
6.47444
 30
0.0
 40
0
 41
0
  0
VERTEX
  8
0
 10
22.7682
 20
6.41249
 30
0.0
 40
0
 41
0
  0
VERTEX
  8
0
 10
22.7418
 20
6.35135
 30
0.0
 40
0
 41
0
  0
VERTEX
  8
0
 10
22.6506
 20
6.17296
 30
0.0
 40
0
 41
0
  0
VERTEX
  8
0
 10
22.5113
 20
5.94938
 30
0.0
 40
0
 41
0
  0
VERTEX
  8
0
 10
22.3506
 20
5.74169
 30
0.0
 40
0
 41
0
  0
VERTEX
  8
0
 10
22.216
 20
5.59549
 30
0.0
 40
0
 41
0
  0
VERTEX
  8
0
 10
22.1682
 20
5.54997
 30
0.0
 40
0
 41
0
  0
VERTEX
  8
0
 10
22.1201
 20
5.50429
 30
0.0
 40
0
 41
0
  0
VERTEX
  8
0
 10
21.9668
 20
5.37679
 30
0.0
 40
0
 41
0
  0
VERTEX
  8
0
 10
21.749
 20
5.22467
 30
0.0
 40
0
 41
0
  0
VERTEX
  8
0
 10
21.5149
 20
5.09364
 30
0.0
 40
0
 41
0
  0
VERTEX
  8
0
 10
21.3282
 20
5.00819
 30
0.0
 40
0
 41
0
  0
VERTEX
  8
0
 10
21.2644
 20
4.98367
 30
0.0
 40
0
 41
0
  0
VERTEX
  8
0
 10
21.1994
 20
4.95876
 30
0.0
 40
0
 41
0
  0
VERTEX
  8
0
 10
20.9994
 20
4.89675
 30
0.0
 40
0
 41
0
  0
VERTEX
  8
0
 10
20.7225
 20
4.83469
 30
0.0
 40
0
 41
0
  0
VERTEX
  8
0
 10
20.4333
 20
4.79742
 30
0.0
 40
0
 41
0
  0
VERTEX
  8
0
 10
20.2072
 20
4.78494
 30
0.0
 40
0
 41
0
  0
VERTEX
  8
0
 10
20.1319
 20
4.78494
 30
0.0
 40
0
 41
0
  0
VERTEX
  8
0
 10
20.0486
 20
4.78494
 30
0.0
 40
0
 41
0
  0
VERTEX
  8
0
 10
19.7989
 20
4.79975
 30
0.0
 40
0
 41
0
  0
VERTEX
  8
0
 10
19.4821
 20
4.84403
 30
0.0
 40
0
 41
0
  0
VERTEX
  8
0
 10
19.1819
 20
4.91786
 30
0.0
 40
0
 41
0
  0
VERTEX
  8
0
 10
18.9674
 20
4.99154
 30
0.0
 40
0
 41
0
  0
VERTEX
  8
0
 10
18.8981
 20
5.02121
 30
0.0
 40
0
 41
0
  0
VERTEX
  8
0
 10
18.8301
 20
5.05029
 30
0.0
 40
0
 41
0
  0
VERTEX
  8
0
 10
18.6335
 20
5.15321
 30
0.0
 40
0
 41
0
  0
VERTEX
  8
0
 10
18.3908
 20
5.31282
 30
0.0
 40
0
 41
0
  0
VERTEX
  8
0
 10
18.1704
 20
5.50006
 30
0.0
 40
0
 41
0
  0
VERTEX
  8
0
 10
18.0181
 20
5.65853
 30
0.0
 40
0
 41
0
  0
VERTEX
  8
0
 10
17.9718
 20
5.71496
 30
0.0
 40
0
 41
0
  0
VERTEX
  8
0
 10
18.7518
 20
6.43494
 30
0.0
 40
0
 41
0
  0
VERTEX
  8
0
 10
18.7968
 20
6.38374
 30
0.0
 40
0
 41
0
  0
VERTEX
  8
0
 10
19.0368
 20
6.16596
 30
0.0
 40
0
 41
0
  0
VERTEX
  8
0
 10
19.2968
 20
5.9994
 30
0.0
 40
0
 41
0
  0
VERTEX
  8
0
 10
19.3518
 20
5.97374
 30
0.0
 40
0
 41
0
  0
VERTEX
  8
0
 10
19.4068
 20
5.94814
 30
0.0
 40
0
 41
0
  0
VERTEX
  8
0
 10
19.6969
 20
5.85846
 30
0.0
 40
0
 41
0
  0
VERTEX
  8
0
 10
19.9782
 20
5.81993
 30
0.0
 40
0
 41
0
  0
VERTEX
  8
0
 10
20.0719
 20
5.81993
 30
0.0
 40
0
 41
0
  0
VERTEX
  8
0
 10
20.16
 20
5.81993
 30
0.0
 40
0
 41
0
  0
VERTEX
  8
0
 10
20.4243
 20
5.84999
 30
0.0
 40
0
 41
0
  0
VERTEX
  8
0
 10
20.6956
 20
5.91997
 30
0.0
 40
0
 41
0
  0
VERTEX
  8
0
 10
20.7468
 20
5.93994
 30
0.0
 40
0
 41
0
  0
VERTEX
  8
0
 10
20.7981
 20
5.95996
 30
0.0
 40
0
 41
0
  0
VERTEX
  8
0
 10
21.0338
 20
6.08626
 30
0.0
 40
0
 41
0
  0
VERTEX
  8
0
 10
21.2418
 20
6.2475
 30
0.0
 40
0
 41
0
  0
VERTEX
  8
0
 10
21.2794
 20
6.285
 30
0.0
 40
0
 41
0
  0
VERTEX
  8
0
 10
21.3169
 20
6.32249
 30
0.0
 40
0
 41
0
  0
VERTEX
  8
0
 10
21.479
 20
6.53065
 30
0.0
 40
0
 41
0
  0
VERTEX
  8
0
 10
21.6075
 20
6.76628
 30
0.0
 40
0
 41
0
  0
VERTEX
  8
0
 10
21.6282
 20
6.81749
 30
0.0
 40
0
 41
0
  0
VERTEX
  8
0
 10
21.6487
 20
6.86876
 30
0.0
 40
0
 41
0
  0
VERTEX
  8
0
 10
21.721
 20
7.14193
 30
0.0
 40
0
 41
0
  0
VERTEX
  8
0
 10
21.7519
 20
7.41049
 30
0.0
 40
0
 41
0
  0
VERTEX
  8
0
 10
21.7519
 20
7.5
 30
0.0
 40
0
 41
0
  0
VERTEX
  8
0
 10
21.7519
 20
7.58957
 30
0.0
 40
0
 41
0
  0
VERTEX
  8
0
 10
21.721
 20
7.85818
 30
0.0
 40
0
 41
0
  0
VERTEX
  8
0
 10
21.6487
 20
8.13129
 30
0.0
 40
0
 41
0
  0
VERTEX
  8
0
 10
21.6282
 20
8.18251
 30
0.0
 40
0
 41
0
  0
VERTEX
  8
0
 10
21.6075
 20
8.23378
 30
0.0
 40
0
 41
0
  0
VERTEX
  8
0
 10
21.479
 20
8.46946
 30
0.0
 40
0
 41
0
  0
VERTEX
  8
0
 10
21.3169
 20
8.67751
 30
0.0
 40
0
 41
0
  0
VERTEX
  8
0
 10
21.2794
 20
8.715
 30
0.0
 40
0
 41
0
  0
VERTEX
  8
0
 10
21.2418
 20
8.75256
 30
0.0
 40
0
 41
0
  0
VERTEX
  8
0
 10
21.0338
 20
8.91385
 30
0.0
 40
0
 41
0
  0
VERTEX
  8
0
 10
20.7981
 20
9.0401
 30
0.0
 40
0
 41
0
  0
VERTEX
  8
0
 10
20.7468
 20
9.06006
 30
0.0
 40
0
 41
0
  0
VERTEX
  8
0
 10
20.6956
 20
9.08008
 30
0.0
 40
0
 41
0
  0
VERTEX
  8
0
 10
20.4243
 20
9.15013
 30
0.0
 40
0
 41
0
  0
VERTEX
  8
0
 10
20.16
 20
9.18007
 30
0.0
 40
0
 41
0
  0
VERTEX
  8
0
 10
20.0719
 20
9.18007
 30
0.0
 40
0
 41
0
  0
VERTEX
  8
0
 10
19.9782
 20
9.18007
 30
0.0
 40
0
 41
0
  0
VERTEX
  8
0
 10
19.6969
 20
9.14165
 30
0.0
 40
0
 41
0
  0
VERTEX
  8
0
 10
19.4068
 20
9.05197
 30
0.0
 40
0
 41
0
  0
VERTEX
  8
0
 10
19.3518
 20
9.02632
 30
0.0
 40
0
 41
0
  0
VERTEX
  8
0
 10
19.2968
 20
9.00071
 30
0.0
 40
0
 41
0
  0
VERTEX
  8
0
 10
19.0368
 20
8.83231
 30
0.0
 40
0
 41
0
  0
VERTEX
  8
0
 10
18.7968
 20
8.61003
 30
0.0
 40
0
 41
0
  0
VERTEX
  8
0
 10
18.7518
 20
8.55751
 30
0.0
 40
0
 41
0
  0
VERTEX
  8
0
 10
17.9718
 20
9.27756
 30
0.0
 40
0
 41
0
  0
VERTEX
  8
0
 10
18.0181
 20
9.3341
 30
0.0
 40
0
 41
0
  0
VERTEX
  8
0
 10
18.1704
 20
9.49274
 30
0.0
 40
0
 41
0
  0
VERTEX
  8
0
 10
18.3908
 20
9.68072
 30
0.0
 40
0
 41
0
  0
VERTEX
  8
0
 10
18.6335
 20
9.84153
 30
0.0
 40
0
 41
0
  0
VERTEX
  8
0
 10
18.8303
 20
9.94553
 30
0.0
 40
0
 41
0
  0
VERTEX
  8
0
 10
18.8981
 20
9.97504
 30
0.0
 40
0
 41
0
  0
VERTEX
  8
0
 10
18.9674
 20
10.0053
 30
0.0
 40
0
 41
0
  0
VERTEX
  8
0
 10
19.1824
 20
10.0801
 30
0.0
 40
0
 41
0
  0
VERTEX
  8
0
 10
19.484
 20
10.1551
 30
0.0
 40
0
 41
0
  0
VERTEX
  8
0
 10
19.8031
 20
10.2001
 30
0.0
 40
0
 41
0
  0
VERTEX
  8
0
 10
20.0553
 20
10.2151
 30
0.0
 40
0
 41
0
  0
VERTEX
  8
0
 10
20.1394
 20
10.2151
 30
0.0
 40
0
 41
0
  0
SEQEND
 8
0
  0
POLYLINE
  8
0
 62
     190
 66
     1
 10
0
 20
0
 30
0.0
 70
     1
 40
0
 41
0
  0
VERTEX
  8
0
 10
20.936
 20
7.45383
 30
0.0
 40
0
 41
0
  0
VERTEX
  8
0
 10
20.936
 20
7.49794
 30
0.0
 40
0
 41
0
  0
VERTEX
  8
0
 10
20.9182
 20
7.63021
 30
0.0
 40
0
 41
0
  0
VERTEX
  8
0
 10
20.8671
 20
7.79443
 30
0.0
 40
0
 41
0
  0
VERTEX
  8
0
 10
20.7865
 20
7.94303
 30
0.0
 40
0
 41
0
  0
VERTEX
  8
0
 10
20.6796
 20
8.07254
 30
0.0
 40
0
 41
0
  0
VERTEX
  8
0
 10
20.5501
 20
8.17936
 30
0.0
 40
0
 41
0
  0
VERTEX
  8
0
 10
20.4015
 20
8.26004
 30
0.0
 40
0
 41
0
  0
VERTEX
  8
0
 10
20.2374
 20
8.31104
 30
0.0
 40
0
 41
0
  0
VERTEX
  8
0
 10
20.105
 20
8.32878
 30
0.0
 40
0
 41
0
  0
VERTEX
  8
0
 10
20.061
 20
8.32878
 30
0.0
 40
0
 41
0
  0
VERTEX
  8
0
 10
20.0168
 20
8.32878
 30
0.0
 40
0
 41
0
  0
VERTEX
  8
0
 10
19.8846
 20
8.31104
 30
0.0
 40
0
 41
0
  0
VERTEX
  8
0
 10
19.7204
 20
8.26004
 30
0.0
 40
0
 41
0
  0
VERTEX
  8
0
 10
19.5718
 20
8.17936
 30
0.0
 40
0
 41
0
  0
VERTEX
  8
0
 10
19.4422
 20
8.07254
 30
0.0
 40
0
 41
0
  0
VERTEX
  8
0
 10
19.3354
 20
7.94303
 30
0.0
 40
0
 41
0
  0
VERTEX
  8
0
 10
19.2547
 20
7.79443
 30
0.0
 40
0
 41
0
  0
VERTEX
  8
0
 10
19.2038
 20
7.63021
 30
0.0
 40
0
 41
0
  0
VERTEX
  8
0
 10
19.186
 20
7.49794
 30
0.0
 40
0
 41
0
  0
VERTEX
  8
0
 10
19.186
 20
7.45383
 30
0.0
 40
0
 41
0
  0
VERTEX
  8
0
 10
19.186
 20
7.40978
 30
0.0
 40
0
 41
0
  0
VERTEX
  8
0
 10
19.2038
 20
7.2775
 30
0.0
 40
0
 41
0
  0
VERTEX
  8
0
 10
19.2547
 20
7.11328
 30
0.0
 40
0
 41
0
  0
VERTEX
  8
0
 10
19.3354
 20
6.96463
 30
0.0
 40
0
 41
0
  0
VERTEX
  8
0
 10
19.4422
 20
6.83513
 30
0.0
 40
0
 41
0
  0
VERTEX
  8
0
 10
19.5718
 20
6.72831
 30
0.0
 40
0
 41
0
  0
VERTEX
  8
0
 10
19.7204
 20
6.64763
 30
0.0
 40
0
 41
0
  0
VERTEX
  8
0
 10
19.8846
 20
6.59663
 30
0.0
 40
0
 41
0
  0
VERTEX
  8
0
 10
20.0168
 20
6.57883
 30
0.0
 40
0
 41
0
  0
VERTEX
  8
0
 10
20.061
 20
6.57883
 30
0.0
 40
0
 41
0
  0
VERTEX
  8
0
 10
20.105
 20
6.57883
 30
0.0
 40
0
 41
0
  0
VERTEX
  8
0
 10
20.2374
 20
6.59663
 30
0.0
 40
0
 41
0
  0
VERTEX
  8
0
 10
20.4015
 20
6.64763
 30
0.0
 40
0
 41
0
  0
VERTEX
  8
0
 10
20.5501
 20
6.72831
 30
0.0
 40
0
 41
0
  0
VERTEX
  8
0
 10
20.6796
 20
6.83513
 30
0.0
 40
0
 41
0
  0
VERTEX
  8
0
 10
20.7865
 20
6.96463
 30
0.0
 40
0
 41
0
  0
VERTEX
  8
0
 10
20.8671
 20
7.11328
 30
0.0
 40
0
 41
0
  0
VERTEX
  8
0
 10
20.9182
 20
7.2775
 30
0.0
 40
0
 41
0
  0
VERTEX
  8
0
 10
20.936
 20
7.40978
 30
0.0
 40
0
 41
0
  0
VERTEX
  8
0
 10
20.936
 20
7.45383
 30
0.0
 40
0
 41
0
  0
SEQEND
 8
0
  0
POLYLINE
  8
0
 62
     0
 66
     1
 10
0
 20
0
 30
0.0
 70
     1
 40
0
 41
0
  0
VERTEX
  8
0
 10
13.9849
 20
9.21337
 30
0.0
 40
0
 41
0
  0
VERTEX
  8
0
 10
13.9849
 20
5.74149
 30
0.0
 40
0
 41
0
  0
VERTEX
  8
0
 10
13.0234
 20
5.74149
 30
0.0
 40
0
 41
0
  0
VERTEX
  8
0
 10
13.0234
 20
6.72239
 30
0.0
 40
0
 41
0
  0
VERTEX
  8
0
 10
13.1589
 20
6.43847
 30
0.0
 40
0
 41
0
  0
VERTEX
  8
0
 10
13.1401
 20
6.39382
 30
0.0
 40
0
 41
0
  0
VERTEX
  8
0
 10
13.0698
 20
6.26568
 30
0.0
 40
0
 41
0
  0
VERTEX
  8
0
 10
12.9573
 20
6.11501
 30
0.0
 40
0
 41
0
  0
VERTEX
  8
0
 10
12.8213
 20
5.9866
 30
0.0
 40
0
 41
0
  0
VERTEX
  8
0
 10
12.7037
 20
5.90349
 30
0.0
 40
0
 41
0
  0
VERTEX
  8
0
 10
12.662
 20
5.88026
 30
0.0
 40
0
 41
0
  0
VERTEX
  8
0
 10
12.6187
 20
5.85622
 30
0.0
 40
0
 41
0
  0
VERTEX
  8
0
 10
12.4817
 20
5.79704
 30
0.0
 40
0
 41
0
  0
VERTEX
  8
0
 10
12.2829
 20
5.73753
 30
0.0
 40
0
 41
0
  0
VERTEX
  8
0
 10
12.0654
 20
5.70182
 30
0.0
 40
0
 41
0
  0
VERTEX
  8
0
 10
11.8885
 20
5.68989
 30
0.0
 40
0
 41
0
  0
VERTEX
  8
0
 10
11.8295
 20
5.68989
 30
0.0
 40
0
 41
0
  0
VERTEX
  8
0
 10
11.8295
 20
6.61914
 30
0.0
 40
0
 41
0
  0
VERTEX
  8
0
 10
11.8402
 20
6.61811
 30
0.0
 40
0
 41
0
  0
VERTEX
  8
0
 10
11.9371
 20
6.61008
 30
0.0
 40
0
 41
0
  0
VERTEX
  8
0
 10
11.9457
 20
6.60949
 30
0.0
 40
0
 41
0
  0
VERTEX
  8
0
 10
11.9543
 20
6.609
 30
0.0
 40
0
 41
0
  0
VERTEX
  8
0
 10
12.0301
 20
6.60628
 30
0.0
 40
0
 41
0
  0
VERTEX
  8
0
 10
12.0554
 20
6.60628
 30
0.0
 40
0
 41
0
  0
VERTEX
  8
0
 10
12.1045
 20
6.60628
 30
0.0
 40
0
 41
0
  0
VERTEX
  8
0
 10
12.252
 20
6.62104
 30
0.0
 40
0
 41
0
  0
VERTEX
  8
0
 10
12.4289
 20
6.66521
 30
0.0
 40
0
 41
0
  0
VERTEX
  8
0
 10
12.5859
 20
6.73876
 30
0.0
 40
0
 41
0
  0
VERTEX
  8
0
 10
12.6919
 20
6.81282
 30
0.0
 40
0
 41
0
  0
VERTEX
  8
0
 10
12.7233
 20
6.84179
 30
0.0
 40
0
 41
0
  0
VERTEX
  8
0
 10
12.755
 20
6.87115
 30
0.0
 40
0
 41
0
  0
VERTEX
  8
0
 10
12.8348
 20
6.97597
 30
0.0
 40
0
 41
0
  0
VERTEX
  8
0
 10
12.9144
 20
7.14274
 30
0.0
 40
0
 41
0
  0
VERTEX
  8
0
 10
12.9622
 20
7.34218
 30
0.0
 40
0
 41
0
  0
VERTEX
  8
0
 10
12.9782
 20
7.51628
 30
0.0
 40
0
 41
0
  0
VERTEX
  8
0
 10
12.9782
 20
7.57428
 30
0.0
 40
0
 41
0
  0
VERTEX
  8
0
 10
12.9782
 20
9.21337
 30
0.0
 40
0
 41
0
  0
VERTEX
  8
0
 10
13.9849
 20
9.21337
 30
0.0
 40
0
 41
0
  0
SEQEND
 8
0
  0
POLYLINE
  8
0
 62
     0
 66
     1
 10
0
 20
0
 30
0.0
 70
     1
 40
0
 41
0
  0
VERTEX
  8
0
 10
11.8241
 20
6.62244
 30
0.0
 40
0
 41
0
  0
VERTEX
  8
0
 10
10.8173
 20
6.62244
 30
0.0
 40
0
 41
0
  0
VERTEX
  8
0
 10
10.8173
 20
9.21832
 30
0.0
 40
0
 41
0
  0
VERTEX
  8
0
 10
11.8241
 20
9.21832
 30
0.0
 40
0
 41
0
  0
VERTEX
  8
0
 10
11.8241
 20
6.62244
 30
0.0
 40
0
 41
0
  0
SEQEND
 8
0
  0
POLYLINE
  8
0
 62
     7
 66
     1
 10
0
 20
0
 30
0.0
 70
     1
 40
0
 41
0
  0
VERTEX
  8
0
 10
10.636
 20
6.17453
 30
0.0
 40
0
 41
0
  0
VERTEX
  8
0
 10
10.636
 20
6.20921
 30
0.0
 40
0
 41
0
  0
VERTEX
  8
0
 10
10.6499
 20
6.31315
 30
0.0
 40
0
 41
0
  0
VERTEX
  8
0
 10
10.69
 20
6.44228
 30
0.0
 40
0
 41
0
  0
VERTEX
  8
0
 10
10.7534
 20
6.55908
 30
0.0
 40
0
 41
0
  0
VERTEX
  8
0
 10
10.8373
 20
6.66086
 30
0.0
 40
0
 41
0
  0
VERTEX
  8
0
 10
10.9391
 20
6.74485
 30
0.0
 40
0
 41
0
  0
VERTEX
  8
0
 10
11.0559
 20
6.80821
 30
0.0
 40
0
 41
0
  0
VERTEX
  8
0
 10
11.1851
 20
6.84831
 30
0.0
 40
0
 41
0
  0
VERTEX
  8
0
 10
11.289
 20
6.86225
 30
0.0
 40
0
 41
0
  0
VERTEX
  8
0
 10
11.3237
 20
6.86225
 30
0.0
 40
0
 41
0
  0
VERTEX
  8
0
 10
11.3583
 20
6.86225
 30
0.0
 40
0
 41
0
  0
VERTEX
  8
0
 10
11.4622
 20
6.84831
 30
0.0
 40
0
 41
0
  0
VERTEX
  8
0
 10
11.5914
 20
6.80821
 30
0.0
 40
0
 41
0
  0
VERTEX
  8
0
 10
11.7082
 20
6.74485
 30
0.0
 40
0
 41
0
  0
VERTEX
  8
0
 10
11.8099
 20
6.66086
 30
0.0
 40
0
 41
0
  0
VERTEX
  8
0
 10
11.8939
 20
6.55908
 30
0.0
 40
0
 41
0
  0
VERTEX
  8
0
 10
11.9573
 20
6.44228
 30
0.0
 40
0
 41
0
  0
VERTEX
  8
0
 10
11.9974
 20
6.31315
 30
0.0
 40
0
 41
0
  0
VERTEX
  8
0
 10
12.0114
 20
6.20921
 30
0.0
 40
0
 41
0
  0
VERTEX
  8
0
 10
12.0114
 20
6.17453
 30
0.0
 40
0
 41
0
  0
VERTEX
  8
0
 10
12.0114
 20
6.13992
 30
0.0
 40
0
 41
0
  0
VERTEX
  8
0
 10
11.9974
 20
6.03597
 30
0.0
 40
0
 41
0
  0
VERTEX
  8
0
 10
11.9573
 20
5.90685
 30
0.0
 40
0
 41
0
  0
VERTEX
  8
0
 10
11.8939
 20
5.79004
 30
0.0
 40
0
 41
0
  0
VERTEX
  8
0
 10
11.8099
 20
5.68826
 30
0.0
 40
0
 41
0
  0
VERTEX
  8
0
 10
11.7082
 20
5.60428
 30
0.0
 40
0
 41
0
  0
VERTEX
  8
0
 10
11.5914
 20
5.5409
 30
0.0
 40
0
 41
0
  0
VERTEX
  8
0
 10
11.4622
 20
5.50082
 30
0.0
 40
0
 41
0
  0
VERTEX
  8
0
 10
11.3583
 20
5.48682
 30
0.0
 40
0
 41
0
  0
VERTEX
  8
0
 10
11.3237
 20
5.48682
 30
0.0
 40
0
 41
0
  0
VERTEX
  8
0
 10
11.289
 20
5.48682
 30
0.0
 40
0
 41
0
  0
VERTEX
  8
0
 10
11.1851
 20
5.50082
 30
0.0
 40
0
 41
0
  0
VERTEX
  8
0
 10
11.0559
 20
5.5409
 30
0.0
 40
0
 41
0
  0
VERTEX
  8
0
 10
10.9391
 20
5.60428
 30
0.0
 40
0
 41
0
  0
VERTEX
  8
0
 10
10.8373
 20
5.68826
 30
0.0
 40
0
 41
0
  0
VERTEX
  8
0
 10
10.7534
 20
5.79004
 30
0.0
 40
0
 41
0
  0
VERTEX
  8
0
 10
10.69
 20
5.90685
 30
0.0
 40
0
 41
0
  0
VERTEX
  8
0
 10
10.6499
 20
6.03597
 30
0.0
 40
0
 41
0
  0
VERTEX
  8
0
 10
10.636
 20
6.13992
 30
0.0
 40
0
 41
0
  0
VERTEX
  8
0
 10
10.636
 20
6.17453
 30
0.0
 40
0
 41
0
  0
SEQEND
 8
0
  0
POLYLINE
  8
0
 62
     190
 66
     1
 10
0
 20
0
 30
0.0
 70
     1
 40
0
 41
0
  0
VERTEX
  8
0
 10
10.8878
 20
6.18024
 30
0.0
 40
0
 41
0
  0
VERTEX
  8
0
 10
10.8878
 20
6.20236
 30
0.0
 40
0
 41
0
  0
VERTEX
  8
0
 10
10.8967
 20
6.26872
 30
0.0
 40
0
 41
0
  0
VERTEX
  8
0
 10
10.9222
 20
6.35113
 30
0.0
 40
0
 41
0
  0
VERTEX
  8
0
 10
10.9628
 20
6.42567
 30
0.0
 40
0
 41
0
  0
VERTEX
  8
0
 10
11.0164
 20
6.49067
 30
0.0
 40
0
 41
0
  0
VERTEX
  8
0
 10
11.0813
 20
6.54428
 30
0.0
 40
0
 41
0
  0
VERTEX
  8
0
 10
11.1559
 20
6.58475
 30
0.0
 40
0
 41
0
  0
VERTEX
  8
0
 10
11.2383
 20
6.61029
 30
0.0
 40
0
 41
0
  0
VERTEX
  8
0
 10
11.3047
 20
6.61919
 30
0.0
 40
0
 41
0
  0
VERTEX
  8
0
 10
11.3268
 20
6.61919
 30
0.0
 40
0
 41
0
  0
VERTEX
  8
0
 10
11.3489
 20
6.61919
 30
0.0
 40
0
 41
0
  0
VERTEX
  8
0
 10
11.4153
 20
6.61029
 30
0.0
 40
0
 41
0
  0
VERTEX
  8
0
 10
11.4977
 20
6.58475
 30
0.0
 40
0
 41
0
  0
VERTEX
  8
0
 10
11.5722
 20
6.54428
 30
0.0
 40
0
 41
0
  0
VERTEX
  8
0
 10
11.6372
 20
6.49067
 30
0.0
 40
0
 41
0
  0
VERTEX
  8
0
 10
11.6908
 20
6.42567
 30
0.0
 40
0
 41
0
  0
VERTEX
  8
0
 10
11.7313
 20
6.35113
 30
0.0
 40
0
 41
0
  0
VERTEX
  8
0
 10
11.7568
 20
6.26872
 30
0.0
 40
0
 41
0
  0
VERTEX
  8
0
 10
11.7658
 20
6.20236
 30
0.0
 40
0
 41
0
  0
VERTEX
  8
0
 10
11.7658
 20
6.18024
 30
0.0
 40
0
 41
0
  0
VERTEX
  8
0
 10
11.7658
 20
6.15815
 30
0.0
 40
0
 41
0
  0
VERTEX
  8
0
 10
11.7568
 20
6.09179
 30
0.0
 40
0
 41
0
  0
VERTEX
  8
0
 10
11.7313
 20
6.00939
 30
0.0
 40
0
 41
0
  0
VERTEX
  8
0
 10
11.6908
 20
5.93485
 30
0.0
 40
0
 41
0
  0
VERTEX
  8
0
 10
11.6372
 20
5.86985
 30
0.0
 40
0
 41
0
  0
VERTEX
  8
0
 10
11.5722
 20
5.81625
 30
0.0
 40
0
 41
0
  0
VERTEX
  8
0
 10
11.4977
 20
5.77576
 30
0.0
 40
0
 41
0
  0
VERTEX
  8
0
 10
11.4153
 20
5.75022
 30
0.0
 40
0
 41
0
  0
VERTEX
  8
0
 10
11.3489
 20
5.74126
 30
0.0
 40
0
 41
0
  0
VERTEX
  8
0
 10
11.3268
 20
5.74126
 30
0.0
 40
0
 41
0
  0
VERTEX
  8
0
 10
11.3047
 20
5.74126
 30
0.0
 40
0
 41
0
  0
VERTEX
  8
0
 10
11.2383
 20
5.75022
 30
0.0
 40
0
 41
0
  0
VERTEX
  8
0
 10
11.1559
 20
5.77576
 30
0.0
 40
0
 41
0
  0
VERTEX
  8
0
 10
11.0813
 20
5.81625
 30
0.0
 40
0
 41
0
  0
VERTEX
  8
0
 10
11.0164
 20
5.86985
 30
0.0
 40
0
 41
0
  0
VERTEX
  8
0
 10
10.9628
 20
5.93485
 30
0.0
 40
0
 41
0
  0
VERTEX
  8
0
 10
10.9222
 20
6.00939
 30
0.0
 40
0
 41
0
  0
VERTEX
  8
0
 10
10.8967
 20
6.09179
 30
0.0
 40
0
 41
0
  0
VERTEX
  8
0
 10
10.8878
 20
6.15815
 30
0.0
 40
0
 41
0
  0
VERTEX
  8
0
 10
10.8878
 20
6.18024
 30
0.0
 40
0
 41
0
  0
SEQEND
 8
0
  0
POLYLINE
  8
0
 62
     0
 66
     1
 10
0
 20
0
 30
0.0
 70
     1
 40
0
 41
0
  0
VERTEX
  8
0
 10
14.3786
 20
5.741
 30
0.0
 40
0
 41
0
  0
VERTEX
  8
0
 10
14.3786
 20
9.21289
 30
0.0
 40
0
 41
0
  0
VERTEX
  8
0
 10
15.3401
 20
9.21289
 30
0.0
 40
0
 41
0
  0
VERTEX
  8
0
 10
15.3401
 20
8.23199
 30
0.0
 40
0
 41
0
  0
VERTEX
  8
0
 10
15.2046
 20
8.51594
 30
0.0
 40
0
 41
0
  0
VERTEX
  8
0
 10
15.2233
 20
8.56065
 30
0.0
 40
0
 41
0
  0
VERTEX
  8
0
 10
15.2936
 20
8.68881
 30
0.0
 40
0
 41
0
  0
VERTEX
  8
0
 10
15.4063
 20
8.83942
 30
0.0
 40
0
 41
0
  0
VERTEX
  8
0
 10
15.5421
 20
8.96789
 30
0.0
 40
0
 41
0
  0
VERTEX
  8
0
 10
15.6597
 20
9.051
 30
0.0
 40
0
 41
0
  0
VERTEX
  8
0
 10
15.7015
 20
9.07417
 30
0.0
 40
0
 41
0
  0
VERTEX
  8
0
 10
15.7447
 20
9.09825
 30
0.0
 40
0
 41
0
  0
VERTEX
  8
0
 10
15.8817
 20
9.15744
 30
0.0
 40
0
 41
0
  0
VERTEX
  8
0
 10
16.0806
 20
9.21696
 30
0.0
 40
0
 41
0
  0
VERTEX
  8
0
 10
16.2981
 20
9.25265
 30
0.0
 40
0
 41
0
  0
VERTEX
  8
0
 10
16.475
 20
9.26454
 30
0.0
 40
0
 41
0
  0
VERTEX
  8
0
 10
16.534
 20
9.26454
 30
0.0
 40
0
 41
0
  0
VERTEX
  8
0
 10
16.534
 20
8.33524
 30
0.0
 40
0
 41
0
  0
VERTEX
  8
0
 10
16.5232
 20
8.33632
 30
0.0
 40
0
 41
0
  0
VERTEX
  8
0
 10
16.4264
 20
8.3444
 30
0.0
 40
0
 41
0
  0
VERTEX
  8
0
 10
16.4179
 20
8.34494
 30
0.0
 40
0
 41
0
  0
VERTEX
  8
0
 10
16.4092
 20
8.34549
 30
0.0
 40
0
 41
0
  0
VERTEX
  8
0
 10
16.3333
 20
8.34814
 30
0.0
 40
0
 41
0
  0
VERTEX
  8
0
 10
16.3081
 20
8.34814
 30
0.0
 40
0
 41
0
  0
VERTEX
  8
0
 10
16.2589
 20
8.34814
 30
0.0
 40
0
 41
0
  0
VERTEX
  8
0
 10
16.1114
 20
8.33344
 30
0.0
 40
0
 41
0
  0
VERTEX
  8
0
 10
15.9346
 20
8.28928
 30
0.0
 40
0
 41
0
  0
VERTEX
  8
0
 10
15.7775
 20
8.21565
 30
0.0
 40
0
 41
0
  0
VERTEX
  8
0
 10
15.6715
 20
8.1416
 30
0.0
 40
0
 41
0
  0
VERTEX
  8
0
 10
15.6401
 20
8.11263
 30
0.0
 40
0
 41
0
  0
VERTEX
  8
0
 10
15.6085
 20
8.08333
 30
0.0
 40
0
 41
0
  0
VERTEX
  8
0
 10
15.5286
 20
7.97851
 30
0.0
 40
0
 41
0
  0
VERTEX
  8
0
 10
15.449
 20
7.81168
 30
0.0
 40
0
 41
0
  0
VERTEX
  8
0
 10
15.4013
 20
7.61225
 30
0.0
 40
0
 41
0
  0
VERTEX
  8
0
 10
15.3853
 20
7.43821
 30
0.0
 40
0
 41
0
  0
VERTEX
  8
0
 10
15.3853
 20
7.38015
 30
0.0
 40
0
 41
0
  0
VERTEX
  8
0
 10
15.3853
 20
5.741
 30
0.0
 40
0
 41
0
  0
VERTEX
  8
0
 10
14.3786
 20
5.741
 30
0.0
 40
0
 41
0
  0
SEQEND
 8
0
  0
POLYLINE
  8
0
 62
     0
 66
     1
 10
0
 20
0
 30
0.0
 70
     1
 40
0
 41
0
  0
VERTEX
  8
0
 10
16.5394
 20
8.33192
 30
0.0
 40
0
 41
0
  0
VERTEX
  8
0
 10
17.5461
 20
8.33192
 30
0.0
 40
0
 41
0
  0
VERTEX
  8
0
 10
17.5461
 20
5.73611
 30
0.0
 40
0
 41
0
  0
VERTEX
  8
0
 10
16.5394
 20
5.73611
 30
0.0
 40
0
 41
0
  0
VERTEX
  8
0
 10
16.5394
 20
8.33192
 30
0.0
 40
0
 41
0
  0
SEQEND
 8
0
  0
POLYLINE
  8
0
 62
     7
 66
     1
 10
0
 20
0
 30
0.0
 70
     1
 40
0
 41
0
  0
VERTEX
  8
0
 10
17.7275
 20
8.77989
 30
0.0
 40
0
 41
0
  0
VERTEX
  8
0
 10
17.7275
 20
8.74528
 30
0.0
 40
0
 41
0
  0
VERTEX
  8
0
 10
17.7136
 20
8.64133
 30
0.0
 40
0
 41
0
  0
VERTEX
  8
0
 10
17.6735
 20
8.51221
 30
0.0
 40
0
 41
0
  0
VERTEX
  8
0
 10
17.6101
 20
8.3954
 30
0.0
 40
0
 41
0
  0
VERTEX
  8
0
 10
17.5261
 20
8.29362
 30
0.0
 40
0
 41
0
  0
VERTEX
  8
0
 10
17.4243
 20
8.20964
 30
0.0
 40
0
 41
0
  0
VERTEX
  8
0
 10
17.3075
 20
8.14621
 30
0.0
 40
0
 41
0
  0
VERTEX
  8
0
 10
17.1783
 20
8.10612
 30
0.0
 40
0
 41
0
  0
VERTEX
  8
0
 10
17.0744
 20
8.09212
 30
0.0
 40
0
 41
0
  0
VERTEX
  8
0
 10
17.0399
 20
8.09212
 30
0.0
 40
0
 41
0
  0
VERTEX
  8
0
 10
17.0051
 20
8.09212
 30
0.0
 40
0
 41
0
  0
VERTEX
  8
0
 10
16.9013
 20
8.10612
 30
0.0
 40
0
 41
0
  0
VERTEX
  8
0
 10
16.7721
 20
8.14621
 30
0.0
 40
0
 41
0
  0
VERTEX
  8
0
 10
16.6553
 20
8.20964
 30
0.0
 40
0
 41
0
  0
VERTEX
  8
0
 10
16.5535
 20
8.29362
 30
0.0
 40
0
 41
0
  0
VERTEX
  8
0
 10
16.4694
 20
8.3954
 30
0.0
 40
0
 41
0
  0
VERTEX
  8
0
 10
16.4061
 20
8.51221
 30
0.0
 40
0
 41
0
  0
VERTEX
  8
0
 10
16.3661
 20
8.64133
 30
0.0
 40
0
 41
0
  0
VERTEX
  8
0
 10
16.3521
 20
8.74528
 30
0.0
 40
0
 41
0
  0
VERTEX
  8
0
 10
16.3521
 20
8.77989
 30
0.0
 40
0
 41
0
  0
VERTEX
  8
0
 10
16.3521
 20
8.81456
 30
0.0
 40
0
 41
0
  0
VERTEX
  8
0
 10
16.3661
 20
8.91851
 30
0.0
 40
0
 41
0
  0
VERTEX
  8
0
 10
16.4061
 20
9.04758
 30
0.0
 40
0
 41
0
  0
VERTEX
  8
0
 10
16.4694
 20
9.16439
 30
0.0
 40
0
 41
0
  0
VERTEX
  8
0
 10
16.5535
 20
9.26617
 30
0.0
 40
0
 41
0
  0
VERTEX
  8
0
 10
16.6553
 20
9.35015
 30
0.0
 40
0
 41
0
  0
VERTEX
  8
0
 10
16.7721
 20
9.41357
 30
0.0
 40
0
 41
0
  0
VERTEX
  8
0
 10
16.9013
 20
9.45367
 30
0.0
 40
0
 41
0
  0
VERTEX
  8
0
 10
17.0051
 20
9.46761
 30
0.0
 40
0
 41
0
  0
VERTEX
  8
0
 10
17.0399
 20
9.46761
 30
0.0
 40
0
 41
0
  0
VERTEX
  8
0
 10
17.0744
 20
9.46761
 30
0.0
 40
0
 41
0
  0
VERTEX
  8
0
 10
17.1783
 20
9.45367
 30
0.0
 40
0
 41
0
  0
VERTEX
  8
0
 10
17.3075
 20
9.41357
 30
0.0
 40
0
 41
0
  0
VERTEX
  8
0
 10
17.4243
 20
9.35015
 30
0.0
 40
0
 41
0
  0
VERTEX
  8
0
 10
17.5261
 20
9.26617
 30
0.0
 40
0
 41
0
  0
VERTEX
  8
0
 10
17.6101
 20
9.16439
 30
0.0
 40
0
 41
0
  0
VERTEX
  8
0
 10
17.6735
 20
9.04758
 30
0.0
 40
0
 41
0
  0
VERTEX
  8
0
 10
17.7136
 20
8.91851
 30
0.0
 40
0
 41
0
  0
VERTEX
  8
0
 10
17.7275
 20
8.81456
 30
0.0
 40
0
 41
0
  0
VERTEX
  8
0
 10
17.7275
 20
8.77989
 30
0.0
 40
0
 41
0
  0
SEQEND
 8
0
  0
POLYLINE
  8
0
 62
     190
 66
     1
 10
0
 20
0
 30
0.0
 70
     1
 40
0
 41
0
  0
VERTEX
  8
0
 10
17.4757
 20
8.77419
 30
0.0
 40
0
 41
0
  0
VERTEX
  8
0
 10
17.4757
 20
8.75211
 30
0.0
 40
0
 41
0
  0
VERTEX
  8
0
 10
17.4668
 20
8.68576
 30
0.0
 40
0
 41
0
  0
VERTEX
  8
0
 10
17.4413
 20
8.60335
 30
0.0
 40
0
 41
0
  0
VERTEX
  8
0
 10
17.4007
 20
8.52875
 30
0.0
 40
0
 41
0
  0
VERTEX
  8
0
 10
17.3471
 20
8.46382
 30
0.0
 40
0
 41
0
  0
VERTEX
  8
0
 10
17.2821
 20
8.41021
 30
0.0
 40
0
 41
0
  0
VERTEX
  8
0
 10
17.2075
 20
8.36968
 30
0.0
 40
0
 41
0
  0
VERTEX
  8
0
 10
17.1251
 20
8.34412
 30
0.0
 40
0
 41
0
  0
VERTEX
  8
0
 10
17.0587
 20
8.33518
 30
0.0
 40
0
 41
0
  0
VERTEX
  8
0
 10
17.0367
 20
8.33518
 30
0.0
 40
0
 41
0
  0
VERTEX
  8
0
 10
17.0146
 20
8.33518
 30
0.0
 40
0
 41
0
  0
VERTEX
  8
0
 10
16.9482
 20
8.34412
 30
0.0
 40
0
 41
0
  0
VERTEX
  8
0
 10
16.8658
 20
8.36968
 30
0.0
 40
0
 41
0
  0
VERTEX
  8
0
 10
16.7912
 20
8.41021
 30
0.0
 40
0
 41
0
  0
VERTEX
  8
0
 10
16.7263
 20
8.46382
 30
0.0
 40
0
 41
0
  0
VERTEX
  8
0
 10
16.6726
 20
8.52875
 30
0.0
 40
0
 41
0
  0
VERTEX
  8
0
 10
16.6322
 20
8.60335
 30
0.0
 40
0
 41
0
  0
VERTEX
  8
0
 10
16.6067
 20
8.68576
 30
0.0
 40
0
 41
0
  0
VERTEX
  8
0
 10
16.5978
 20
8.75211
 30
0.0
 40
0
 41
0
  0
VERTEX
  8
0
 10
16.5978
 20
8.77419
 30
0.0
 40
0
 41
0
  0
VERTEX
  8
0
 10
16.5978
 20
8.79633
 30
0.0
 40
0
 41
0
  0
VERTEX
  8
0
 10
16.6067
 20
8.86268
 30
0.0
 40
0
 41
0
  0
VERTEX
  8
0
 10
16.6322
 20
8.9451
 30
0.0
 40
0
 41
0
  0
VERTEX
  8
0
 10
16.6726
 20
9.01964
 30
0.0
 40
0
 41
0
  0
VERTEX
  8
0
 10
16.7263
 20
9.08458
 30
0.0
 40
0
 41
0
  0
VERTEX
  8
0
 10
16.7912
 20
9.13824
 30
0.0
 40
0
 41
0
  0
VERTEX
  8
0
 10
16.8658
 20
9.17871
 30
0.0
 40
0
 41
0
  0
VERTEX
  8
0
 10
16.9482
 20
9.20426
 30
0.0
 40
0
 41
0
  0
VERTEX
  8
0
 10
17.0146
 20
9.21317
 30
0.0
 40
0
 41
0
  0
VERTEX
  8
0
 10
17.0367
 20
9.21317
 30
0.0
 40
0
 41
0
  0
VERTEX
  8
0
 10
17.0587
 20
9.21317
 30
0.0
 40
0
 41
0
  0
VERTEX
  8
0
 10
17.1251
 20
9.20426
 30
0.0
 40
0
 41
0
  0
VERTEX
  8
0
 10
17.2075
 20
9.17871
 30
0.0
 40
0
 41
0
  0
VERTEX
  8
0
 10
17.2821
 20
9.13824
 30
0.0
 40
0
 41
0
  0
VERTEX
  8
0
 10
17.3471
 20
9.08458
 30
0.0
 40
0
 41
0
  0
VERTEX
  8
0
 10
17.4007
 20
9.01964
 30
0.0
 40
0
 41
0
  0
VERTEX
  8
0
 10
17.4413
 20
8.9451
 30
0.0
 40
0
 41
0
  0
VERTEX
  8
0
 10
17.4668
 20
8.86268
 30
0.0
 40
0
 41
0
  0
VERTEX
  8
0
 10
17.4757
 20
8.79633
 30
0.0
 40
0
 41
0
  0
VERTEX
  8
0
 10
17.4757
 20
8.77419
 30
0.0
 40
0
 41
0
  0
SEQEND
 8
0
  0
ENDSEC
  0
EOF
